production_pAu200_2015 16124017 19022 1797 9.38315868
production_pAu200_2015 16124018 19022 1800 9.38314915
production_pAu200_2015 16124019 19022 887 9.38314915
production_pAu200_2015 16124022 19023 14 9.38315868
production_pAu200_2015 16124028 19024 145 9.38315964
production_pAu200_2015 16124029 19024 69 9.38315964
production_pAu200_2015 16124033 19024 1858 9.38315964
production_pAu200_2015 16124034 19024 1802 9.38315964
production_pAu200_2015 16124035 19024 1748 9.38315868
production_pAu200_2015 16124037 19024 2067 9.38315010
production_pAu200_2015 16125001 19024 99 9.38315010
production_pAu200_2015 16125003 19024 1796 9.38315964
production_pAu200_2015 16125012 19026 184 9.38315964
production_pAu200_2015 16125013 19026 42 9.38315964
production_pAu200_2015 16125014 19026 1989 9.38315964
production_pAu200_2015 16125015 19026 833 9.38315964
production_pAu200_2015 16125016 19026 1420 9.38315868
production_pAu200_2015 16125017 19026 88 9.38315868
production_pAu200_2015 16125018 19026 183 9.38315868
production_pAu200_2015 16125019 19026 102 9.38315868
production_pAu200_2015 16125020 19026 41 9.38315868
production_pAu200_2015 16125021 19026 157 9.38315868
production_pAu200_2015 16125022 19026 222 9.38315868
production_pAu200_2015 16125023 19026 200 9.38315868
production_pAu200_2015 16125024 19026 661 9.38315964
production_pAu200_2015 16125033 19028 166 9.38315964
production_pAu200_2015 16125034 19028 80 9.38315964
production_pAu200_2015 16125035 19028 748 9.38315964
production_pAu200_2015 16125036 19028 427 9.38315964
production_pAu200_2015 16125037 19028 534 9.38315964
production_pAu200_2015 16125038 19028 45 9.38315964
production_pAu200_2015 16125039 19028 1652 9.38315010
production_pAu200_2015 16125042 19028 527 9.38315010
production_pAu200_2015 16125043 19028 1640 9.38315010
production_pAu200_2015 16125045 19028 52 9.38315868
production_pAu200_2015 16125046 19028 199 9.38315868
production_pAu200_2015 16125047 19028 119 9.38315868
production_pAu200_2015 16125048 19028 471 9.38315868
production_pAu200_2015 16125050 19028 1810 9.38315964
production_pAu200_2015 16125052 19028 410 9.38315964
production_pAu200_2015 16125053 19028 1796 9.38315964
production_pAu200_2015 16125054 19028 1800 9.38315964
production_pAu200_2015 16125056 19028 1929 9.38315964
production_pAu200_2015 16125057 19028 1806 9.38315964
production_pAu200_2015 16125058 19028 1803 9.38315868
production_pAu200_2015 16125060 19028 1686 9.38314915
production_pAu200_2015 16125061 19028 1812 9.38314915
production_pAu200_2015 16125062 19028 1791 9.38315010
production_pAu200_2015 16125063 19028 215 9.38315010
production_pAu200_2015 16126002 19029 1229 9.37922955
production_pAu200_2015 16126003 19029 1810 9.37922955
production_pAu200_2015 16126004 19029 414 9.38315010
production_pAu200_2015 16126005 19029 960 9.38315010
production_pAu200_2015 16126006 19029 1890 9.38315010
production_pAu200_2015 16126007 19029 1978 9.38315964
production_pAu200_2015 16126008 19029 1397 9.38315964
production_pAu200_2015 16126009 19029 1884 9.38315964
production_pAu200_2015 16126010 19029 2108 9.38315964
production_pAu200_2015 16126011 19029 1897 9.38315964
production_pAu200_2015 16126012 19029 1815 9.38315964
production_pAu200_2015 16126013 19029 2278 9.38315010
production_pAu200_2015 16126014 19029 173 9.38315010
production_pAu200_2015 16126015 19029 1852 9.38315010
production_pAu200_2015 16126016 19029 1826 9.38315010
production_pAu200_2015 16126017 19029 1843 9.38315964
production_pAu200_2015 16126018 19029 1090 9.38315964
production_pAu200_2015 16126030 19032 1743 9.38315964
production_pAu200_2015 16126031 19032 1770 9.38315964
production_pAu200_2015 16126032 19032 1830 9.38315010
production_pAu200_2015 16126033 19032 1808 9.38315010
production_pAu200_2015 16126034 19032 1996 9.38315964
production_pAu200_2015 16126035 19032 780 9.38315964
production_pAu200_2015 16126036 19032 1710 9.38315964
production_pAu200_2015 16126037 19032 1802 9.38315964
production_pAu200_2015 16126038 19032 1806 9.38315964
production_pAu200_2015 16126039 19032 1802 9.38315964
production_pAu200_2015 16126040 19032 1806 9.38315010
production_pAu200_2015 16126041 19032 1764 9.38315010
production_pAu200_2015 16126042 19032 1802 9.38315010
production_pAu200_2015 16126043 19032 1477 9.38315010
production_pAu200_2015 16126044 19032 1471 9.38315964
production_pAu200_2015 16126050 19033 1511 9.37878990
production_pAu200_2015 16126051 19033 1803 9.37878990
production_pAu200_2015 16126052 19033 1794 9.38315010
production_pAu200_2015 16126053 19033 1486 9.38315868
production_pAu200_2015 16127001 19033 31 9.38315964
production_pAu200_2015 16127003 19033 19 9.38315964
production_pAu200_2015 16127004 19033 12 9.38315964
production_pAu200_2015 16127005 19033 1016 9.38315964
production_pAu200_2015 16127006 19033 369 9.38315964
production_pAu200_2015 16127007 19033 1609 9.38315964
production_pAu200_2015 16127008 19033 1815 9.38315964
production_pAu200_2015 16127009 19033 1832 9.38315964
production_pAu200_2015 16127010 19033 2095 9.38315964
production_pAu200_2015 16127011 19033 1840 9.38315964
production_pAu200_2015 16127012 19033 1084 9.38315964
production_pAu200_2015 16127013 19033 2029 9.38315964
production_pAu200_2015 16127014 19033 1804 9.38315964
production_pAu200_2015 16127015 19033 1870 9.38315868
production_pAu200_2015 16127016 19033 834 9.38315868
production_pAu200_2015 16127017 19035 1991 9.37969017
production_pAu200_2015 16127018 19035 1792 9.37969017
production_pAu200_2015 16127019 19035 1805 9.38315868
production_pAu200_2015 16127020 19035 1805 9.38315868
production_pAu200_2015 16127021 19035 1798 9.38315868
production_pAu200_2015 16127022 19035 155 9.38315868
production_pAu200_2015 16127023 19035 645 9.38315964
production_pAu200_2015 16127024 19035 457 9.38315964
production_pAu200_2015 16127025 19035 1799 9.38315964
production_pAu200_2015 16127026 19035 1795 9.38315964
production_pAu200_2015 16127027 19035 1177 9.38314915
production_pAu200_2015 16127028 19035 1791 9.38314915
production_pAu200_2015 16127029 19035 1782 9.38315964
production_pAu200_2015 16127030 19035 1267 9.38315964
production_pAu200_2015 16127031 19035 1733 9.38315868
production_pAu200_2015 16127032 19035 1634 9.38315868
production_pAu200_2015 16127033 19035 -1431029172 9.38315964
