16124017 19022
16124018 19022
16124019 19022
16124022 19023
16124028 19024
16124029 19024
16124033 19024
16124034 19024
16124035 19024
16124037 19024
16125001 19024
16125003 19024
16125012 19026
16125013 19026
16125014 19026
16125015 19026
16125016 19026
16125017 19026
16125018 19026
16125019 19026
16125020 19026
16125021 19026
16125022 19026
16125023 19026
16125024 19026
16125033 19028
16125034 19028
16125035 19028
16125036 19028
16125037 19028
16125038 19028
16125039 19028
16125042 19028
16125043 19028
16125045 19028
16125046 19028
16125047 19028
16125048 19028
16125050 19028
16125052 19028
16125053 19028
16125054 19028
16125056 19028
16125057 19028
16125058 19028
16125060 19028
16125061 19028
16125062 19028
16125063 19028
16126002 19029
16126003 19029
16126004 19029
16126005 19029
16126006 19029
16126007 19029
16126008 19029
16126009 19029
16126010 19029
16126011 19029
16126012 19029
16126013 19029
16126014 19029
16126015 19029
16126016 19029
16126017 19029
16126018 19029
16126030 19032
16126031 19032
16126032 19032
16126033 19032
16126034 19032
16126035 19032
16126036 19032
16126037 19032
16126038 19032
16126039 19032
16126040 19032
16126041 19032
16126042 19032
16126043 19032
16126044 19032
16126050 19033
16126051 19033
16126052 19033
16126053 19033
16127001 19033
16127003 19033
16127004 19033
16127005 19033
16127006 19033
16127007 19033
16127008 19033
16127009 19033
16127010 19033
16127011 19033
16127012 19033
16127013 19033
16127014 19033
16127015 19033
16127016 19033
16127017 19035
16127018 19035
16127019 19035
16127020 19035
16127021 19035
16127022 19035
16127023 19035
16127024 19035
16127025 19035
16127026 19035
16127027 19035
16127028 19035
16127029 19035
16127030 19035
16127031 19035
16127032 19035
16127033 19035
