16124017
16124018
16124019
16124022
16124028
16124029
16124033
16124034
16124035
16124037
16125001
16125003
16125012
16125013
16125014
16125015
16125016
16125017
16125018
16125019
16125020
16125021
16125022
16125023
16125024
16125033
16125034
16125035
16125036
16125037
16125038
16125039
16125042
16125043
16125045
16125046
16125047
16125048
16125050
16125052
16125053
16125054
16125056
16125057
16125058
16125060
16125061
16125062
16125063
16126002
16126003
16126004
16126005
16126006
16126007
16126008
16126009
16126010
16126011
16126012
16126013
16126014
16126015
16126016
16126017
16126018
16126030
16126031
16126032
16126033
16126034
16126035
16126036
16126037
16126038
16126039
16126040
16126041
16126042
16126043
16126044
16126050
16126051
16126052
16126053
16127001
16127003
16127004
16127005
16127006
16127007
16127008
16127009
16127010
16127011
16127012
16127013
16127014
16127015
16127016
16127017
16127018
16127019
16127020
16127021
16127022
16127023
16127024
16127025
16127026
16127027
16127028
16127029
16127030
16127031
16127032
16127033
